1.845089105363607729e+01,3.455357964906564234e+02
2.036342727109454032e+01,1.361711311395820587e+02
2.129184216870902802e+01,2.896646301802692847e+02
1.980753689957158770e+01,1.753076368843550625e+01
2.084510941394754013e+01,2.365413144429894601e+02
2.072960439036692293e+01,1.539264764166769623e+02
2.099232289034353371e+01,2.692835883857965200e+02
1.996101179360892885e+01,9.419068203950726570e+01
1.952514422383679360e+01,2.298523616771553293e+02
1.857782406213310011e+01,2.922752822090479299e+02
1.991791713372081318e+01,6.403941766076388831e+01
2.002031267847715057e+01,2.778036127871631606e+02
1.941382709706611109e+01,1.570644609932028004e+02
1.978383378026299866e+01,2.923304458629693841e+02
1.866547668184025355e+01,1.128682458945575284e+01
2.122558652496909559e+01,2.576223589929250579e+02
1.816563804759702805e+01,2.636134118416894125e+02
2.099821482938144257e+01,1.168232903504456388e+01
2.011813979844552236e+01,1.042243421772813718e+02
2.012440292311434220e+01,2.572702785539675006e+02
2.050610338356844409e+01,2.157749672065090465e+02
2.012803606366426123e+01,1.304441299696164265e+02
2.074141762018172130e+01,9.867677740483106419e+00
1.885469792341144313e+01,1.480779101419366270e+02
1.903898101218076988e+01,2.683382402609783526e+02
1.857571430172382065e+01,2.006969810617522398e+02
2.211521047432398035e+01,7.527881462904605314e+01
2.039060694032725962e+01,1.030308369673137605e+02
1.891081531898149493e+01,3.189818887111065351e+02
1.893148030192969244e+01,1.813909912694247453e+02
1.818933140024002526e+01,8.512273824603173011e+01
1.946512372860771123e+01,1.537957700225591964e+02
2.024689993384659914e+01,3.197726292538819166e+02
2.128653936717250517e+01,2.648053735935187660e+02
1.919664655991840263e+01,2.441015401933129851e+02
2.040706279985288063e+01,6.339986813650459396e+01
1.940493485677136576e+01,2.356860301999277851e+02
1.952813758275457801e+01,3.234625821795892762e+02
1.982046481211496314e+01,4.478536556346804787e+01
1.956503857377030187e+01,3.211709412256962537e+02
2.047077797053040271e+01,5.410239190155184730e+01
2.109756696948351262e+01,2.225719262174714288e+02
2.031629163877361322e+01,2.822642386987271834e+02
1.896289624299197385e+01,7.450315979253711873e+01
1.877682053263882267e+01,1.977629204019395956e+02
2.120564089107261907e+01,1.797883781480814207e+02
1.955551787463873126e+01,3.335279188724974233e+02
2.023784851076112545e+01,2.387936157333767255e+02
2.031381202878748127e+01,3.111204430983136149e+02
1.789918844998927128e+01,9.514336749316206010e+01
1.982080915995021186e+01,3.574984081875996367e+02
1.860880706873456703e+01,1.799734470442156749e+02
1.905261323533402162e+01,1.299632181177810821e+02
2.048220249901552847e+01,1.729098769107573048e+02
1.828605393872975782e+01,9.674220637359225350e+01
2.063961205151385059e+01,3.477197141849969171e+02
2.107519636581898581e+01,3.537346037722231813e+02
1.912727326389385141e+01,3.109408972505443103e+02
2.053398803269442752e+01,1.439886732026028255e+02
1.932388770124563138e+01,3.258268824367749517e+02
1.963226611053756798e+01,3.398396865614774356e+02
1.993710524236872672e+01,5.925022407980310390e+01
1.925284735498424382e+01,3.091949574824589035e+02
1.986319366439427014e+01,3.174999632110659036e+02
1.916619070231774202e+01,3.379433009895228111e+02
1.849117276090478867e+01,8.416179559211517613e+00
1.854553465455753170e+01,1.771901909229793546e+02
2.163099008390690869e+01,2.871463332454168267e+02
2.035776851879839100e+01,2.381360890150659202e+02
2.007884102536305093e+01,6.538934450038769342e+01
2.142147246641847147e+01,2.177470159730068531e+02
1.964744444600157181e+01,6.594379814229220926e+00
2.005988598654150934e+01,5.961923917245880489e+01
1.943925459621095442e+01,1.681734579803426755e+01
2.175051227697968415e+01,7.836380845996471578e+01
1.986088865933037795e+01,2.327658601277802575e+02
1.920979341684489583e+01,3.355305916030448543e+02
1.932940522901625613e+01,1.204754497309352956e+02
2.132867063518131445e+01,2.827155300411222925e+02
2.053511483236669122e+01,1.295754062059567957e+02
2.100537961218131144e+01,2.360537078381725351e+01
1.921363774048033335e+01,3.391023861447721401e+02
2.122712685582829195e+01,2.478465722193398904e+02
2.008698801669219947e+01,1.172125349591770913e+02
1.789059602301955465e+01,2.607216774650860884e+02
1.962117520260751036e+01,5.818712358207942970e+01
2.061134795690203703e+01,2.996020181706789458e+02
2.090178911815748464e+01,3.453892271889441190e+02
2.076622531222974999e+01,2.040325533759671259e+02
1.973334317711980646e+01,7.981809425105528533e+01
2.047459352945342914e+01,9.709733960826456212e+01
2.070362682068761018e+01,2.850285985141988476e+02
1.968025093671926840e+01,4.484040194997253792e+01
1.936022681517519928e+01,1.581404795131259959e+02
2.153497511790956409e+01,3.222354717438144007e+02
2.019725805475916047e+01,1.958785812696238224e+02
1.992666937498414015e+01,3.470391405327151233e+02
1.955016575912238608e+01,3.434577290858958918e+02
2.046805957012368182e+01,5.734153096179564102e+01
2.180703475342179587e+01,3.702091699877531283e+01
2.006541266351494457e+01,2.905466494003392341e+01
2.050278026336776094e+01,2.041259710492197996e+02
2.030650879029995437e+01,1.615708637417488944e+02
2.125046256667485878e+01,4.744157877299101500e+01
2.090096369770562035e+01,2.296879040055156622e+02
2.136157684580328464e+01,1.969398724882835552e+02
2.008259001233495056e+01,1.659882141980313577e+02
1.962130852404127879e+01,2.176777289469258392e+02
2.085226182623877378e+01,3.022223792909634312e+02
1.965337536567356835e+01,2.005663577178616492e+02
1.989278562695070818e+01,1.194139662343279156e+02
2.117402730430397639e+01,8.795928529559105868e+00
1.997667402878301957e+01,1.375513858713784430e+02
1.963338212465965782e+01,3.451977440326209035e+02
1.917783879063099661e+01,1.622058279927985041e+02
2.026755774563535084e+01,3.245589439769340743e+02
1.933067898696601716e+01,2.988395407018125525e+02
1.929826702862635557e+01,2.423755781138404473e+02
1.833251412805473990e+01,3.446829762392525822e+02
2.082482213579624286e+01,6.170587626482726762e+01
2.124274266698861879e+01,2.321483699501252715e+02
1.893908271088458051e+01,3.446166903005949678e+01
1.953926686861907669e+01,1.548456071814891573e+02
2.032790774542793244e+01,8.212848883519646392e+01
2.193073471895609572e+01,9.865430456008116522e+00
1.941108058975802564e+01,3.409914680256316615e+02
1.933780811417153345e+01,1.170384377970786289e+02
2.144360129144647686e+01,2.784703085010427230e+02
1.956356092246740275e+01,1.154995462037436624e+02
1.997288870990948340e+01,3.418533880403329022e+02
2.196021885250950589e+01,2.683504380823756037e+02
1.960656228959439318e+01,1.362154496018657426e+02
1.950695875437959970e+01,2.879826260209050020e+02
1.853841619549429254e+01,2.846261904033788142e+02
1.995118172253841493e+01,1.645638260027647846e+02
2.041828746987675913e+01,3.139906507519503975e+02
1.981091461528037811e+01,1.211689925691926248e+02
2.037524699669515726e+01,2.498865274398781082e+02
2.035807668990219099e+01,9.783683676787060790e+01
2.020343584988869523e+01,1.602435770962530910e+02
2.100793718894713891e+01,1.523076760465265238e+02
2.048240127141698608e+01,1.862536939848868656e+02
2.019165406522516548e+01,2.746979766103170846e+02
2.148362179818202833e+01,2.206459441900739762e+02
2.063462692375787810e+01,5.809713674511537818e+01
2.104163622920279053e+01,1.741461631631261753e+02
1.858148018739010254e+01,2.090210145878030090e+01
2.115223516577911411e+01,1.694374973834714240e+02
1.958195426197699973e+01,2.218862752384635257e+02
2.055314848458584720e+01,1.929371685540105119e+01
1.966809432086641607e+01,2.691929594108396486e+02
2.021235491370806159e+01,7.279683286673262899e+01
2.182874014773697624e+01,1.372203276552400837e+02
1.978527801022451627e+01,8.576265481837977234e+01
1.944095175019864996e+01,8.492216415296108778e+01
2.017036259468840953e+01,1.865956706205317062e+01
2.035643799178513191e+01,7.759535537087035095e+01
1.988318577738349546e+01,4.136986974071668044e+00
2.038166654047457627e+01,3.469360381114526035e+02
1.968094000993587045e+01,2.150543718833523030e+02
1.921646451525083066e+01,2.320551597055649893e+02
1.973524382727454451e+01,2.283560470923870298e+02
1.977157550592898971e+01,1.476965133532503387e+02
1.968275219496632999e+01,1.243198739939648476e+02
1.919786736842604213e+01,2.077943375992975916e+02
1.937520559030634359e+01,2.154422055761322952e+02
2.092977354848425620e+01,3.535918321703675247e+02
2.032310477601050280e+01,2.413798917469229366e+02
1.869856270653694352e+01,1.732918788718598648e+02
2.147498468567583174e+01,1.941435020301961742e+02
2.065294630608033444e+01,3.261466363963599946e+01
2.038000041820779273e+01,2.727485251499884384e+02
2.014930022734012383e+01,2.158075091155134828e+01
1.944090316634802562e+01,2.857921753035830079e+02
1.895914933076122466e+01,2.642678447422104568e+02
1.922978339097645772e+01,1.669987104458503779e+02
1.937521704584012028e+01,3.541920954686594314e+02
2.000858793071219566e+01,6.196037090473583930e+01
1.901012461903440709e+01,1.810569609401548803e+02
2.042539159633009049e+01,3.599375566357089724e+02
1.990811596747900580e+01,2.599027512171966237e+02
1.748449721951205404e+01,3.009648232072197516e+02
2.010693025591955418e+01,5.869018055813188539e+01
1.897890469684326575e+01,6.753288210258574509e+01
2.045622365990288571e+01,6.632674037371391762e+01
2.035492494243774786e+01,3.002571053461853694e+02
1.957101915166522232e+01,2.193576236479889872e+02
1.982494119236858054e+01,3.084058733826258845e+02
2.005017397411378965e+01,2.883378008906539662e+02
1.837932223029389789e+01,1.600081211670870402e+02
1.814287067719005364e+01,9.257815920244500774e+01
2.008382014737051335e+01,1.851695294186392857e+02
1.864933032048488570e+01,2.623570036766651015e+02
2.068324530007395978e+01,1.617128096964310373e+02
2.039914976624670473e+01,2.766079720417863541e+02
2.005843829217607777e+01,1.148462701161255239e+02
1.878631944736200055e+01,3.485332992187713899e+02
1.867291332960445516e+01,7.318513441448401124e+01
2.004984131647253776e+01,3.075278458146311209e+02
1.981253889172708327e+01,6.888568168110816714e+01
2.092513120586248121e+01,1.187937715702898771e+02
1.816105521772457720e+01,2.067251583616873063e+02
1.927258425881964854e+01,3.567007876935174409e+02
2.007610069516768903e+01,1.300736509188492107e+02
1.941040773982263090e+01,1.858204355867525521e+02
2.182359408300777304e+01,6.898572457592476326e+01
2.039212019399599995e+01,6.671255411361462961e+01
1.932740908835782179e+01,3.564969509033066402e+02
1.971084195572541375e+01,2.975103863025274222e+02
2.008768454826538274e+01,1.409479788357737391e+02
1.991861112361170782e+01,2.203479794353331158e+02
2.179933115310073433e+01,9.639678193022521668e+01
1.856806584995854692e+01,2.640123563512263445e+02
1.983315063894013264e+01,2.481516297741081019e+02
2.031942128846828766e+01,1.493873160063760395e+02
1.928998710139394390e+01,3.313441379507337388e+02
2.030240120715825114e+01,9.693502018171753321e+01
2.091593051466788111e+01,2.467864749872221068e+02
2.095190769012407372e+01,2.772393799160615124e+00
1.939772048214221201e+01,1.579040899436538155e+02
2.041346311158357452e+01,1.257890687848627778e+02
1.971772240694205180e+01,2.649500312712064556e+02
1.969210848158677862e+01,2.331107128137895756e+01
1.880217747403793638e+01,1.233944631505778347e+02
2.036420112081851386e+01,5.933862785962225672e+01
2.182875797567300680e+01,2.637297484264748846e+02
2.034579657742531467e+01,2.223395522457246614e+02
2.001162253209825792e+01,2.131867823643685256e+02
1.909324577512072807e+01,1.482216650210772002e+01
1.816704993427730486e+01,8.712272566906896998e+01
1.921447185938721347e+01,2.469257657926779927e+02
2.159428321618418067e+01,1.984308601837983872e+02
2.058344529992978877e+01,3.159854035765978608e+01
2.009824552799090469e+01,1.093155460616803083e+02
2.214225413042424861e+01,2.837348857566603328e+02
1.985745381614514216e+01,3.402761861498708527e+02
2.162091193023998059e+01,2.097123975871406287e+02
2.037615240073997924e+01,3.371810863876218605e+02
1.856679970586475648e+01,3.507474098210533384e+02
2.075216392465011950e+01,5.654141259121749918e+00
2.063954511267826319e+01,2.994401262005060858e+02
2.043278432725524496e+01,2.353626936074239495e+02
2.006400195213489468e+01,7.584953329241692188e+01
1.888156525332922442e+01,2.549269208557099375e+02
2.142482369999327219e+01,2.294751207279166039e+01
1.899028063706331437e+01,1.790895935004179478e+02
2.003718740750680283e+01,7.846332102265341746e+01
1.972549674078329218e+01,2.075922202823776388e+02
2.119631806659370099e+01,3.523939599306331729e+02
2.094220574716176131e+01,2.663759599498732769e+02
2.072615966866797876e+01,1.125174382133482425e+02
2.042574908044078441e+01,2.850571051104570870e+02
1.858595299244782595e+01,4.671097095206076233e+01
2.047848678087049024e+01,3.551031725631871723e+02
2.018222076591944258e+01,2.664094758782349572e+02
2.050330289971977749e+01,2.001730944222998119e+02
2.123947415858143017e+01,3.169608580241454732e+01
1.943114516176638773e+01,8.820233639749051235e+01
1.973193981372310901e+01,9.860237306083047315e+01
1.984831190693529379e+01,3.172881277323138249e+01
2.154276258222833107e+01,1.179603425117112749e+02
1.715030249473315038e+01,1.454333482911864053e+02
2.221451586343945905e+01,1.148408406089344851e+02
1.917991735500699946e+01,3.419061079656302695e+02
2.129952203002459044e+01,2.417550814297458430e+02
2.099305741032998185e+01,1.588901877336218149e+02
1.967172731133916486e+01,3.297753475071802427e+02
1.840417739608145808e+01,1.419310010796509403e+02
1.960605504616943051e+01,3.564375038275068732e+02
2.122850012608936510e+01,2.567547416580533763e+02
1.943913891110052816e+01,7.828150221897269034e+01
1.998835479856750652e+01,1.925492535918182284e+02
2.067812112744910280e+01,2.822763388300027998e+01
1.922753573890835455e+01,1.422991065524465171e+02
1.921870718365177666e+01,1.725662037503978468e+02
1.960536292382177237e+01,3.166213892654483288e+02
1.888914371674926684e+01,2.318670198078195597e+02
2.088643456509178620e+01,2.509052031257944293e+02
1.984675801600350908e+01,3.289478388910414424e+02
1.937755044229475843e+01,2.272125227759023858e+02
2.025040471332930281e+01,3.339790681115263169e+02
1.973833894508259945e+01,2.659991885274947663e+02
2.123465438476381806e+01,1.881895663841494226e+01
1.948272130105792854e+01,6.579714971418004765e-01
2.003790875999791510e+01,2.657595888100981369e+02
1.912654355955551821e+01,5.041216911613937413e+01
1.973325090221780442e+01,2.558284478291167119e+01
2.168031860960570967e+01,1.104032351800550771e+02
1.751812655654055462e+01,1.863717196918646835e+02
2.106241701260091403e+01,1.001218371365013127e+02
2.014686370013581040e+01,1.915384812810761161e+02
1.915788627258712040e+01,3.823485709652955222e+01
1.997905531481927000e+01,3.155622322016825478e+02
1.987929181096491149e+01,2.990826309402631296e+02
1.820827980695939274e+01,2.722174464126202906e+02
1.994814500912191946e+01,1.212719312332173303e+02
1.755408557644615541e+01,5.338396849018469226e+01
2.017354492818440903e+01,2.789677117336573815e+02
1.881022112781927547e+01,1.189763193819021936e+01
1.984175225866178849e+01,1.126406620712592570e+02
2.049169003436603020e+01,1.818972320498083945e+02
1.931935737258697117e+01,3.480278426944429953e+02
1.757288103377393540e+01,1.934217235497670231e+02
1.865001321367872578e+01,2.335018577585809396e+02
2.159272834419476439e+01,1.645133544140087736e+02
1.852099758203330637e+01,1.284142949077405262e+02
2.132226301794786494e+01,2.697281858750068295e+02
2.072371128828264020e+01,1.730168130129890756e+02
1.984503751453049247e+01,1.876306045341200388e+02
2.061913232811582120e+01,3.438536034044092276e+02
1.959024178570115993e+01,1.763168561525482971e+02
1.795162817004105449e+01,6.237363740330835782e+01
2.084639533564994096e+01,1.704854682554093870e+02
2.021216441124080987e+01,2.436265578244659480e+01
2.061664551578021687e+01,4.428100478404680729e+01
2.084263527147392026e+01,1.856191893501518280e+02
1.794844550127124450e+01,7.921651265552704047e+01
1.955672317346748201e+01,2.018544321195818725e+02
2.119247633328621205e+01,2.865974062352042893e+02
2.052616319509461107e+01,2.608609853196079484e+02
1.904287082884629356e+01,3.029888076510101769e+02
2.073933479179005346e+01,2.620429749428831769e+02
2.055986490665247146e+01,3.037015869592532340e+02
1.897184202249396989e+01,7.333622777339616050e+01
2.020644628163195833e+01,2.251541721751539527e+01
1.880612543687119498e+01,1.650967029081521176e+01
1.943231340362914494e+01,8.986522459337868440e+01
2.156316902046331307e+01,1.607009389623231641e+02
1.981580617716923598e+01,1.393958500682877855e+02
2.003614637462268888e+01,1.912283938513845101e+02
1.989685413481343446e+01,2.587680268648291531e+02
1.910581697293530468e+01,3.015020489566651918e+02
1.881284509019865681e+01,2.368154854596306791e+02
2.039441842630425938e+01,1.217619280894184328e+02
2.186407854231191195e+01,4.865996510379451223e+01
2.017132425363663728e+01,3.000979000837173203e+02
2.089620365187045437e+01,2.646224561977184067e+02
2.023305452715563035e+01,2.694054347395605760e+02
1.995123024587128668e+01,2.832013886896345980e+02
1.913017098445689967e+01,2.867152581294824287e+01
1.872078410334460230e+01,1.606397602597739649e+01
2.165681026815563825e+01,2.004964473344898011e+02
1.938687179072767464e+01,1.283552864039621682e+02
1.968760929236458068e+01,2.798090901422756929e+02
1.970638192370957498e+01,2.381418650198961586e+02
2.029106179024126178e+01,1.390531638604942373e+02
1.895083582994471172e+01,2.795774849880638726e+02
2.004756652968171338e+01,2.775429788845206076e+02
1.959616445550787844e+01,9.475376854597958243e+01
1.903056200628306627e+01,1.875393791157160877e+02
2.081449077043933116e+01,9.122448801644335248e+00
2.038015951232960887e+01,3.352189074264504711e+02
1.965901441917227999e+01,2.675665959162422496e+02
1.930792662858848985e+01,2.868471025244820112e+02
1.858566826009630901e+01,3.284271409212014419e+02
2.074593808471752610e+01,9.584233580394834462e+01
1.974150389498381486e+01,1.768285085425102636e+02
2.048491297547581880e+01,2.747414021190130029e+02
2.140022531203875999e+01,3.362931934115401873e+02
2.012497935863663656e+01,1.634911879056925343e+01
2.127987607523001401e+01,2.807148528887919383e+02
1.937017952130764087e+01,3.396595783102961974e+01
2.095422077458928456e+01,8.678723673354106438e+01
1.930461818034955002e+01,1.812653819414931604e+02
2.136033112973888493e+01,1.255551385136112117e+02
2.160766284794818048e+01,4.472783588171996882e+01
2.130736053441780697e+01,3.302239518066839423e+02
2.076287147857084747e+01,5.169232699618544302e+01
1.905680980457477247e+01,2.413604578215075662e+02
2.115779233737913501e+01,3.166988755712682178e+02
2.074299526006477734e+01,2.524503921019400536e+02
1.889309326706693781e+01,3.461830576890326938e+02
2.138732891377228285e+01,2.465509085257010042e+02
1.706921075100424190e+01,2.609197397472038915e+02
1.898273306137511085e+01,3.573426284549593106e+02
1.889914537700888175e+01,2.983997370812455756e+02
2.137835238158298523e+01,1.939134938633686716e+02
1.750513473779959739e+01,1.053169903663235232e+02
1.868243957556745016e+01,1.626292198749536340e+02
1.930085758856462519e+01,1.271406440440027978e+02
1.992179928574892855e+01,2.438970616317433269e+02
1.911945032897747154e+01,8.342940526209584107e+01
1.971267166745182919e+01,3.006274292881496422e+02
1.926987212647059167e+01,3.415029715140547069e+02
1.890884118642227563e+01,1.554678830003313124e+02
2.228175594986057462e+01,3.143439041857426446e+02
1.958211656165060788e+01,1.252816840136378858e+02
1.996698727613462765e+01,3.599547659821884054e+02
2.154906136831965213e+01,3.545264861795513411e+02
2.105600935026054898e+01,1.662002337450391281e+02
1.940823229141425799e+01,2.135515793615324753e+02
2.019733902996026487e+01,2.206903103372938517e+02
2.121468537835286838e+01,2.734133295303926161e+02
2.029453231146979064e+01,1.600647989084649225e+02
1.937805345257831746e+01,3.351305996354029730e+02
2.141380190963103303e+01,2.790161900038639828e+02
2.008726292255983736e+01,1.495461273450067381e+02
1.924909190649837498e+01,1.277510375487153311e+02
1.953993408214109095e+01,4.871289177247200541e+01
1.919103759078371141e+01,7.144306858767926371e+01
1.983167029535714931e+01,2.189918893244446849e+02
2.049986615532163370e+01,2.991764627112754624e+02
1.958265504133868262e+01,8.909814548892815367e+01
2.113177662358513942e+01,2.742650303300902124e+02
1.998011960158424927e+01,1.702311858261468274e+02
2.034426984894397705e+01,3.157996641716566728e+02
1.966779733231533456e+01,1.580019617407735382e+02
1.859007220655966108e+01,2.647762284895139828e+02
2.013503091701697301e+01,1.305901806914546057e+02
2.022052729299857532e+01,3.048879627999200466e+02
2.034084578427363965e+01,2.680983605747697993e+02
1.849403778849335467e+01,7.628441798880740521e+01
2.002264987412196362e+01,1.922328326031542645e+02
1.936819238599433035e+01,3.382967776730575906e+02
1.973693895096873163e+01,1.978080565829845057e+02
1.901563552133313451e+01,1.043696813498482641e+02
2.035075478012946348e+01,1.862225687851761506e+02
2.046105037522870873e+01,1.984527809529128888e+02
2.042545690101183453e+01,2.785630111921294656e+02
2.062971446900863981e+01,2.149122536771090495e+02
2.076152829875903905e+01,3.559286887942809017e+02
2.198809971505018623e+01,3.854790821212563401e+01
2.151219109680828367e+01,1.065587483876690840e+02
2.221086410469535366e+01,3.771561939846063893e+01
1.943467098060557774e+01,2.809571616149389683e+02
1.865325034816055094e+01,3.070621072361735173e+02
2.120845998002065613e+01,2.392720700099631870e+02
1.937300826885612182e+01,3.031755877848971181e+02
2.071891253123986232e+01,2.906745462275126002e+01
1.984269657374126439e+01,9.395761414381713905e+01
1.947371215916770026e+01,1.320166471268217663e+02
2.168881085770970429e+01,2.311420136966399639e+02
2.190964809639237032e+01,2.094792494844038231e+02
2.110154145629131861e+01,8.570330939337322818e+00
1.804008229756410486e+01,2.960848850687162894e+02
1.834945186851640031e+01,2.069888102617001664e+02
2.014388197157533966e+01,2.367391456705272788e+02
1.997657729963004769e+01,2.282999257806024218e+02
1.901392646585791368e+01,5.677639900840816267e+00
2.132404968943156831e+01,1.508149289808695812e+02
1.933226961924797749e+01,2.166577722749992319e+01
1.949043304522645670e+01,6.754341763648280050e+01
2.020207378728546743e+01,2.707824990982854274e+02
2.054381930029018832e+01,2.496758795538706295e+02
1.963097867412048814e+01,2.931753111732151638e+02
1.962449245063719516e+01,2.442437215258751451e+02
1.954153105881458430e+01,2.692159552264199647e+02
1.850965279446566569e+01,3.441382352211796842e+02
1.960032632917856077e+01,1.436342040041683958e+02
2.195029173280132184e+01,1.681459346162984332e+02
1.827059321735260866e+01,8.430434052307462878e+01
2.143446716993418022e+01,3.349671232517563340e+02
2.066655228180928461e+01,1.361100130649585083e+02
2.025032868294399790e+01,2.779094170660999907e+02
1.890043039244133993e+01,2.011551158722772641e+02
1.963828095160600995e+01,1.229055865896419562e+02
1.952438986370276197e+01,1.815425979828973766e+02
2.150811556974840144e+01,2.424607827350741616e+02
2.191817123027137626e+01,3.085749388763721868e+01
2.012085613080654056e+01,3.374733591056458977e+02
1.858824485859730302e+01,1.343952871411244985e+02
1.932246678172495180e+01,1.365630529028027809e+02
1.926715030506102977e+01,1.808504085392196714e+02
2.126407154306571101e+01,5.988423003575335457e+01
1.901881196424937315e+01,1.404719218542867054e+02
1.955978223753219325e+01,9.044117412784522969e+01
2.089385997297389963e+01,3.328125888763967737e+02
2.009419015834865618e+01,1.569524359165882643e+01
1.702835032347327271e+01,7.957229366713720253e+01
1.724524759990029921e+01,2.643096428165581102e+01
2.104472400067241011e+01,1.579591229858947656e+02
2.100118279242150265e+01,3.278948471836928888e+02
1.975204784502443189e+01,3.332637400843020146e+02
1.916253976905649026e+01,2.637820497221935057e+02
1.967631207179708497e+01,3.404531139269604409e+02
1.834310786837824025e+01,2.096755921537495908e+02
2.101946840422325380e+01,1.128612901688279351e+02
2.052016090966327511e+01,9.720570674410231504e+01
2.031239205853160712e+01,8.028866191615732362e+01
2.041435455229980889e+01,1.821633136012436864e+02
2.037012612935993516e+01,6.646200206039536340e+01
1.869621868074189663e+01,3.128359800628189191e+02
2.018219830125481096e+01,8.759660820433573747e+01
2.246627987329990717e+01,7.603113944605243546e+01
1.947352166257476114e+01,3.097972794515321766e+02
2.273268458961832295e+01,6.005627570203435539e+01
2.015582113097589811e+01,5.456470930564285027e+01
1.840327945762436457e+01,1.100184713431521999e+02
1.971427034623401298e+01,1.432440578415915411e+02
2.142211483540063455e+01,4.870304756834010362e+01
1.922248198073278402e+01,3.585442461492251027e+02
1.941569109599063481e+01,1.934257359410559900e+02
1.945219068500071913e+01,2.869258654606891810e+02
1.949116376117323668e+01,3.213551062442302850e+02
2.123299677958046772e+01,5.622111716002608972e+01
2.010119308861774456e+01,3.429444434528465422e+02
1.957566528449902776e+01,1.528414395333717835e+01
2.116299794604004347e+01,4.045628082903878919e+01
2.029981741524149541e+01,1.370305351016200746e+02
2.075274770880751163e+01,1.456438553624559233e+02
2.010556205730236456e+01,2.990503279156015424e+02
1.994662711718900638e+01,7.316007604951259680e+01
1.966987181564259402e+01,2.414329535015326655e+01
2.052371472386655782e+01,8.747838381922715456e+00
1.999330829883021110e+01,1.857843328791244346e+02
2.034696243309161900e+01,2.047265404134205369e+02
2.003836534601598274e+01,1.531272506891698981e+02
1.964261658196095439e+01,9.128209772576416015e+01
1.942320357987504309e+01,2.867421540095845103e+02
2.054177531171452031e+01,2.280056062929855187e+01
1.859543725912439172e+01,3.084008617061049335e+02
1.945297360739509074e+01,1.229370490232524133e+02
2.079497614985990595e+01,2.326087642652817422e+01
2.030274447089900747e+01,3.062909070983437942e+01
1.810601719892911277e+01,1.312150948017804239e+02
2.023085687301979974e+01,1.094326668423026661e+02
2.031511676992441906e+01,1.160176615922637069e+02
2.093859972639809897e+01,3.488029844195668829e+02
1.829277321886203822e+01,2.527298668144066482e+02
1.862666311018244159e+01,1.431496891396967328e+02
2.093661876250357068e+01,3.392776353059192616e+02
2.059253786833938094e+01,2.904302997121710064e+02
2.002590611266069942e+01,9.065903563851601632e+01
1.980407351005015570e+01,2.649823577125848715e+02
1.855602312723623371e+01,1.486844372084406416e+02
1.861851325764503784e+01,3.261589656582320913e+02
1.965816502191912463e+01,2.600459139702948619e+02
1.966732692962330376e+01,2.888186488959569829e+02
1.956997807020670166e+01,1.459678521994827634e+02
2.081137098641577765e+01,3.397508432950363613e+02
1.983700132082868706e+01,2.061922280316070157e+02
2.139784112619319956e+01,2.365887151661097789e+02
2.070439423197470319e+01,3.374402249956610262e+02
1.930531809726575077e+01,1.750869802218204541e+00
1.996975614797170095e+01,3.567444124966230561e+02
1.983916011594348916e+01,3.001255515221495216e+02
2.102570060855085998e+01,2.493441292428416887e+02
1.989688571536190409e+01,6.113657050618589039e+01
2.085667826308722184e+01,1.930460889871087318e+02
1.895348448844017852e+01,2.044413686363820943e+02
2.139925656525072384e+01,3.526151742996524376e+02
2.098783361359036448e+01,5.518564512631905927e+01
1.960609021168587773e+01,1.555170412805829017e+02
2.018456954990019270e+01,2.902454167690619897e+02
2.083837869363227568e+01,1.492003448573867104e+02
2.154353754337283533e+01,1.101266298066159806e+02
1.875009107999940383e+01,3.194487166243655452e+02
1.916154692186422892e+01,9.456326265721637370e-01
2.101187743619403392e+01,2.983254765518502722e+02
2.072262546074860268e+01,3.143385220857931373e+01
2.114742642516058879e+01,2.870018606815892781e+02
1.953685499845241935e+01,2.203716132471022320e+02
1.946844745113138231e+01,3.445916893433057453e+02
2.032322801446536786e+01,2.710036498059763517e+02
2.026238048613337384e+01,2.136748534543200435e+02
1.891909460381219432e+01,3.561038505810042807e+02
1.922847144427996824e+01,1.326422060460164971e+02
2.043610160906397510e+01,9.203178349671426872e+01
1.988427193945786442e+01,1.855872523047557650e+02
2.006366218702308757e+01,1.796926722646659300e+02
1.831608911230568282e+01,1.729874614501043766e+02
2.017311465117611036e+01,1.606151092553593855e+02
1.957380004766502779e+01,3.222241525454995781e+02
2.032620584580879708e+01,1.997454145606382667e+02
1.955935443457140011e+01,2.325001512766101825e+02
1.971159693860018081e+01,2.484199111065250918e+02
2.019381336979480679e+01,2.194611787377348833e+02
2.088478594344632810e+01,4.240538225684064599e+01
2.134213111646250738e+01,7.469277708101057556e+01
1.844587906261755705e+01,1.107489731440851415e+02
1.976685194069987617e+01,6.199945899806417060e+01
1.944558444156735533e+01,3.295483183949480122e+02
1.910689141016528225e+01,2.393760269293940439e+02
2.129571778932902504e+01,5.680250775864818991e+01
2.005363969855215700e+01,2.219418599382053117e+02
1.948320492689646599e+01,2.821176347755721849e+02
1.928197611164304703e+01,7.703967577656365506e+01
1.812238096865026549e+01,1.395870280255811622e+02
1.966833823322053121e+01,3.091900538445044617e+02
1.837506481535614711e+01,5.681810650010402242e+01
1.978617967135786770e+01,2.444999907405050692e+02
2.103632412166913923e+01,2.200099322174885685e+02
1.989627474727437573e+01,9.846029342441863719e+01
2.075190922456177134e+01,2.196097738954968293e+02
1.999387614002775848e+01,3.539692636342190895e+02
1.868345543059805536e+01,1.457391168757803825e+02
2.108970255606700306e+01,1.575284803058447665e+02
1.839556038115509651e+01,7.819425926253387615e+01
2.047327223942452790e+01,2.370162721930416794e+01
1.989896372259224222e+01,2.145321081001164316e+02
2.105157050702882771e+01,5.059946902654810685e+01
1.963755545835890004e+01,1.431626220399084559e+02
1.974483391534385390e+01,7.568396312768338419e+01
2.040749766769567586e+01,1.056754562316668995e+02
1.995693563470473464e+01,5.625716977823823584e+01
1.987090033475270445e+01,1.600182622448242000e+02
2.101836097658375380e+01,1.245433848434080915e+01
2.140599486177928412e+01,2.111111185050023096e+02
1.992817268443857515e+01,1.529391319742981068e+02
1.873056163272324071e+01,1.516304640757874722e+02
1.774472608880927993e+01,5.894811804346021233e+01
2.103862280706690413e+01,2.851345076304289705e+02
2.052561263655596946e+01,2.588961797418503465e+02
1.876605333775011530e+01,3.599926280314564337e+02
2.035235089767969185e+01,1.797440126990446885e+01
1.781747369833501793e+01,1.650598025718151689e+02
2.050804816842831357e+01,4.070940684705347223e+01
1.975078298261823306e+01,1.070179421435259286e+02
2.065452533563795257e+01,2.669913160118733799e+02
1.862072068285956306e+01,6.587275346793697395e+01
2.000029508863433136e+01,2.001293252581758395e+02
2.114066959813034785e+01,1.563003961688281436e+02
1.884409937730886853e+01,2.602457053661015038e+02
1.905297135074864912e+01,9.370838185437739298e+01
1.750696579691884125e+01,1.964210991126176111e+02
1.950259107109921786e+01,2.276329960339993477e+02
1.965756996800234901e+01,1.338083203753959651e+02
2.030334567333548890e+01,1.255481668526412520e+01
2.082864772622268390e+01,2.049410770491147673e+02
2.132493285420825657e+01,3.453844274319732222e+02
1.951705979410714775e+01,1.100222865354799779e+02
2.004287945720037811e+01,3.799554440040398617e+01
2.069543447633173372e+01,2.173181838619869097e+02
1.877818096400271486e+01,1.573250345293453165e+02
2.190859552237618857e+01,2.453863914578681715e+01
2.230818592204875728e+01,1.204293923334884084e+02
1.949738165698166625e+01,7.954437222069726943e+01
1.853536741445930858e+01,3.103863783569915569e+01
1.872505980986527163e+01,1.615969600535090933e+02
1.815375695375177756e+01,3.141450949840830162e+02
1.922685671358222947e+01,7.049864284991343766e+01
1.943141571583770855e+01,6.415948669672042115e+01
2.095818696539766890e+01,2.762555285663181053e+02
2.152578541080277574e+01,3.398048884728488588e+02
1.881915787757946745e+01,3.356486812247743501e+02
1.910724487065382604e+01,5.062121695228183427e+01
1.930051347001213458e+01,1.597565376128133039e+02
2.003618174905528093e+01,2.056593159769005581e+02
1.835946559970154013e+01,1.049045769024771886e+02
1.973107394198262199e+01,2.456140186879713951e+02
2.090499149395784784e+01,2.876269297143203971e+02
1.862214013406411794e+01,2.458060303804597311e+02
1.999791821622547516e+01,2.521742545198859204e+02
2.078392664051871463e+01,9.550310356704470394e+01
1.945374855224282840e+01,2.881937347095961286e+02
1.957192186091201691e+01,3.038095590732531903e+01
1.990078688310853394e+01,1.220056304312455353e+01
2.039909648632233896e+01,1.201858545905389661e+02
1.978573647798500801e+01,2.438851092043242090e+02
1.927153741391904163e+01,1.347859887067693663e+01
2.062926224171162559e+01,2.910636014175397008e+02
1.989217927199511493e+01,1.161568375647262599e+02
2.024197492187227354e+01,1.934548742498882632e+02
2.171682247882534611e+01,1.141384574445324773e+02
2.054541629365409605e+01,8.850678095096018438e+00
2.143858259092529650e+01,1.652326794291164163e+02
2.056191368926021212e+01,2.748264076565950518e+02
1.983783077705141196e+01,2.411363726834005377e+02
2.006919559798433284e+01,3.236440935490904280e+01
1.911512383567177409e+01,4.069822788946792969e+01
2.099099282445246928e+01,2.174220249415004673e+02
1.911260839690011792e+01,3.290302582724255132e+01
1.962741145580572777e+01,1.722245364388771804e+02
1.938483832314122779e+01,7.147257914410032242e+01
1.876339403667517303e+01,3.491317946806661325e+02
1.952431044289725648e+01,3.245733214445716612e+02
2.008618970481843746e+01,1.636118495385820211e+02
2.083707699308581951e+01,3.500650670729891658e+02
1.987722048791378882e+01,3.305284310828495222e+02
2.037422853768179465e+01,2.347999418685712953e+02
2.028947899765145024e+01,2.564320887247494625e+02
2.074379848002119786e+01,2.609120452498809186e+02
2.035498115496982763e+01,3.867389689055841728e+01
1.971402033750023364e+01,2.233052933089525993e+02
2.017442145148904942e+01,3.166638705213985077e+02
2.040985995361714345e+01,1.335859939766005482e+02
1.819707171482341579e+01,2.634737350076593998e+02
2.157258938109313817e+01,3.124554499011994153e+02
2.081902015905950876e+01,2.116181672440239367e+02
1.906478845431946212e+01,2.436354723252119356e+02
2.254261184637395132e+01,1.372096113692776953e+02
1.883292757961352848e+01,6.787412144967029803e+01
2.093965525487297796e+01,9.663802414159076193e+01
2.103243993872099793e+01,2.512119551985413466e+02
1.984033015221956120e+01,3.585561870675059026e+01
2.119961047338669147e+01,1.719971684904884910e+02
2.000531509364516225e+01,9.384674945609252461e+01
2.049345476742327676e+01,1.685237097941599984e+02
1.931072908625379725e+01,1.045932624017683850e+02
1.850774353655949156e+01,1.616264209685760420e+02
2.009317954117996408e+01,3.138724967364589133e+02
1.895031495426563595e+01,3.249432717424467683e+02
2.133266031551910658e+01,2.965568896611817991e+02
2.060337127578799610e+01,2.441854897531184463e+02
1.893939201366127278e+01,3.480031975651268681e+02
1.920408433126117131e+01,1.555768781203081801e+02
2.005398288976675758e+01,3.985262488424388039e+01
1.978189382309531297e+01,3.214810569360944115e+00
1.984219389687187984e+01,2.325825179085820196e+02
2.136958571335270562e+01,1.194978487300503502e+02
1.913795044460934491e+01,3.029118502172772196e+02
1.955727252015732986e+01,1.012162484608603030e+01
1.974343051116414927e+01,6.558382667474408834e+01
1.974905708887917655e+01,1.628562949520163556e+02
2.018116529095424738e+01,3.810458556176058664e+01
2.003630370644497205e+01,1.705754568061604175e+02
1.894557131988110399e+01,1.261590697518691968e+02
2.049929695580152256e+01,1.652751929871168102e+02
1.921460851567057304e+01,2.270749375342947189e+02
1.927292939210892442e+01,2.023620151044419799e+02
2.039600919119261491e+01,5.281568730474507589e+01
1.926869976816011487e+01,2.416070361271549984e+02
2.008379869430301667e+01,1.655624795829087930e+02
2.147374018861633971e+01,8.203324743923938911e+01
2.085377247488777996e+01,3.067028176796182493e+02
2.118942453949233951e+01,2.705357467905363578e+01
2.060009394171162356e+01,1.937194933909732697e+02
1.999874854253864243e+01,2.147123312715245618e+02
1.971832492845721063e+01,2.787872406770109137e+02
1.733590093272049160e+01,5.316053511163606515e+01
2.075312000952012070e+01,5.317930606876279853e+01
2.131512677973743664e+01,7.474736344395172694e+01
2.008190189425338090e+01,2.033140933913313120e+02
1.969614453857742831e+01,7.156218058425278628e+01
1.819251948642223837e+01,2.938845232955875417e+02
2.140456795634479548e+01,1.235810468712388968e+02
1.930657023266013539e+01,3.535898299440866026e+02
2.002943617266193144e+01,2.701384067945933225e+02
1.887979604888545282e+01,9.460253135594673779e+01
1.741295101020549652e+01,1.322364240758206222e+02
2.019871128095193669e+01,1.730346283287161100e+02
1.801920131664424218e+01,1.390270518624823808e+02
2.014423241372303153e+01,1.622033106745327657e+01
2.054423019069890444e+01,9.631067666775992109e+01
1.963539203173082370e+01,5.900300022441561509e+01
1.861582948631460965e+01,8.484286382504399171e+01
1.940261558451269508e+01,2.315524676264151935e+02
1.914966688617811030e+01,2.700856630107085152e+02
1.935043189886597048e+01,3.219483218704854721e+02
1.927123774233449183e+01,1.741485280410609562e+02
1.917698467737872647e+01,2.573011037417266493e+02
2.065455133738095128e+01,2.025684371143654232e+02
2.045480413713838530e+01,2.389066612828175664e+02
1.976207296362067822e+01,2.521783979071483088e+02
1.998378349878966276e+01,3.124324437112994133e+02
1.957752064644007817e+01,2.354149377204277869e+02
1.909572198116429220e+01,1.836445800033673947e+02
1.935378612773225271e+01,1.265478849934907828e+02
2.068605625776891443e+01,3.070519468573980362e+02
1.923866585984761457e+01,1.087027874403930241e+02
1.958574723818286145e+01,3.367369945549774002e+01
1.991720517359581066e+01,1.835588537814100221e+02
1.967367244077489374e+01,1.217484290129855680e+02
2.062869207120276727e+01,7.176667668866306826e+01
1.949515204027020587e+01,1.048986769135330661e+02
1.957875916001397343e+01,8.010425438260118369e+01
2.086617511466244679e+01,1.067762228743685142e+02
2.100210761970238593e+01,1.492542398023662145e+02
2.059383364433901420e+01,2.218013534981340342e+02
2.117027516300908374e+01,8.450380440097134738e+01
1.886098126973697120e+01,3.153571488284537736e+02
2.084754358832470444e+01,1.501796485410917512e+02
1.869869256188669837e+01,2.897283441104871713e+02
1.899681887682496750e+01,2.811765252541069344e+02
2.067713715392057949e+01,3.159143957709064807e+02
2.102713652057184746e+01,3.545694767812257169e+02
1.971041803778697954e+01,3.226349513397524902e+02
1.862018965346441135e+01,2.077317334741285038e+02
2.148241877425923008e+01,2.641666413767761696e+02
2.006345843013137653e+01,2.798517972797477000e+02
1.831612980992366602e+01,1.710282468184870766e+02
1.901873291805231148e+01,1.392629854656524628e+02
2.033289611154630094e+01,2.476060429741946507e+02
1.943859052020331646e+01,3.319303064593397039e+02
1.954594670604477358e+01,1.758288719315273738e+02
1.784298823233857689e+01,7.714080279901263282e+01
1.954559118116869953e+01,3.284928509034205604e+02
1.994527794534470289e+01,2.600344899535782162e+01
1.983350436926263427e+01,1.360969915743054059e+02
1.983712121620655822e+01,1.071366094894311232e+02
2.030661492989382566e+01,1.050212369365847138e+02
1.881503534574009606e+01,9.037361001855015274e+01
1.877571530718763171e+01,1.298352485454964267e+02
2.000124840156649597e+01,3.561547705840695812e+02
2.102497884289766361e+01,6.320798386048836903e+01
1.978064936000697571e+01,8.047496115293949970e+01
2.064383377835795130e+01,2.006326124796928241e+02
2.202031403128684772e+01,3.540464974006441707e+02
2.106639492618155884e+01,3.429184505518875881e+02
2.118191437612504657e+01,2.636791532810680110e+02
2.055721819145072971e+01,3.279444071265032221e+02
2.072765022348941599e+01,1.920967662222359138e+02
2.149285629344070614e+01,1.456045270404489997e+02
1.761561868357017246e+01,7.307999915910822608e+01
2.031927119637683532e+01,1.297368625285555765e+02
2.154303836048534748e+01,2.119656657205590875e+02
2.094066555991488698e+01,2.392569996967789052e+02
2.104413399049763456e+01,2.066944534859771352e+02
2.210406024874515651e+01,1.579809450324497107e+02
2.105011792809941085e+01,3.213017781959690922e+01
1.988946861091464058e+01,1.572967049984152652e+02
1.807107396799950649e+01,3.551687699311651158e+02
1.861842761104800559e+01,9.309612451391356558e+01
2.083156786098630064e+01,1.076156093189548244e+02
1.891405984600300982e+01,1.110246436825381124e+02
2.028984010196425558e+01,2.450644639587258951e+02
1.924408197097185180e+01,2.925160012826881371e+02
2.125069112838653851e+01,3.077948972799665057e+02
1.884267475964801974e+01,3.058063519437928903e+02
2.015725089850183238e+01,3.444678825155075685e+01
1.938948696377981662e+01,1.641012866192723436e+02
2.006219825361769793e+01,3.258718752217775716e+01
2.045601866089233312e+01,2.637016270926444577e+02
2.051080079418233737e+01,1.163738674702770481e+02
1.959061086687491127e+01,2.440005923968784884e+02
1.955245123379782513e+01,2.339834942561867877e+02
1.896810065639866139e+01,2.672694649377486442e+01
2.098827996137160667e+01,1.694640445386685883e+02
1.957903072332101146e+01,3.582384456192751827e+02
2.114948339877078709e+01,2.427812944668211159e+01
2.008613591935766962e+01,1.703225056097949448e+02
1.907324587887958600e+01,1.685411188784590593e+02
2.117339016767589399e+01,2.508360491240619297e+02
1.970524840379074050e+01,5.422038110228841390e+01
2.174100545095773995e+01,2.072228123550580676e+02
1.851624215133428919e+01,2.890037006455444057e+01
1.900529177819277038e+01,2.538364061169679076e+01
1.973423244092827034e+01,2.939015820902329210e+02
2.143011815081989724e+01,3.576855801557488235e+02
1.910761180167504847e+01,1.138708680709884362e+02
1.956255670461981921e+01,1.863235516839907859e+02
1.948776925458355791e+01,2.317691561182019555e+01
2.069362123445798574e+01,1.027128186850260363e+02
2.065983774263285255e+01,1.854505991170728407e+02
1.919844516503385989e+01,4.305413257509466263e+01
1.873921775391582045e+01,1.278483073600857693e+02
1.980503858916696913e+01,9.964276761506580726e+01
1.881227164844798239e+01,1.908529853099283287e+02
1.976678508423519176e+01,2.852199543277607745e+02
1.877146806406965496e+01,3.029556364977196381e+01
1.807380870775374504e+01,6.939399037925318225e+01
2.044348654592977610e+01,3.483950174603339178e+02
2.055816157717078241e+01,1.443220761517024755e+02
1.960694900013285036e+01,3.322575819697765951e+02
2.050362672920809359e+01,6.909804628225789713e+01
1.876994310441264346e+01,2.764630553421472996e+02
2.057792023709481910e+01,2.610846044269185882e+02
1.991325689102353280e+01,1.593821127667671362e+02
1.977600337108765771e+01,1.931062816609215531e+02
2.023411178012601042e+01,1.074066603099256128e+02
1.906044119667697956e+01,9.238472334435752487e+01
1.935081003394975596e+01,5.144931600941259831e+01
1.933249345053542712e+01,3.518078371131356334e+02
2.032704104463243766e+01,1.064218698828453427e+02
1.922039385203173367e+01,3.235573351296159785e+02
2.000225868582284150e+01,6.197021722340448946e+01
2.141128267709170174e+01,1.628826147100745345e+02
2.064947228019237357e+01,1.027982298503943071e+01
1.985143602478142810e+01,7.163606994918652049e+01
2.017976557344448452e+01,4.293660484822021317e+01
1.880989027908469780e+01,2.654639073349176215e+02
1.995180905675897520e+01,2.520981710127312567e+02
1.997025321356692373e+01,3.029610959125682257e+02
1.986109982487305459e+01,3.050267908088512172e+02
1.946972617906427416e+01,3.525410347318926938e+02
2.114938174284321093e+01,3.586473604340217776e+02
2.007666809658163487e+01,3.188982731363176413e+02
2.115449417755021244e+01,1.860753094848433307e+02
1.942261565843353566e+01,1.331964958397505825e+02
2.047539375051450961e+01,1.530875955965349533e+02
2.239831130406755477e+01,2.974314493606771492e+01
2.084386233614009143e+01,1.871507326808653033e+02
1.986309482503728674e+01,7.702919990055922028e+01
2.117127473631187229e+01,3.086389562147513388e+01
1.976325137757305583e+01,1.742425539602988920e+02
1.963174676455676959e+01,2.069109726090424601e+02
2.032957037159259173e+01,3.230186419731629144e+01
2.211061084243143782e+01,2.016392729717866814e+02
2.096677310805682737e+01,9.295520214673476289e+01
2.086589834091093110e+01,2.374470946157049696e+02
1.920961917627704807e+01,2.435193011154073588e+02
1.923984249881730335e+01,3.356558049260584085e+02
2.156660993231941958e+01,1.751585671406137976e+02
2.007595209514784074e+01,2.338069162468482887e+02
2.097274941115969682e+01,1.016769210218640467e+02
2.003400822095139944e+01,2.648430242371543386e+02
1.907981760124603809e+01,2.050655518276115856e+02
1.918384295197003553e+01,1.505460521326562002e+02
1.988841707275755866e+01,8.334805006876304390e+01
1.906297506843520040e+01,2.729581029537236532e+02
1.936904561543531145e+01,2.375994521667421679e+02
2.177781083847438381e+01,4.406561822898071767e+01
2.078184558828690598e+01,2.447025109335372406e+02
2.192631403761027187e+01,2.779210482975074683e+02
1.944240202588596134e+01,3.305213052418453685e+02
2.027229330712702193e+01,5.519143918785661640e+01
2.076333085206439932e+01,2.442669731026900592e+02
1.905237056863699152e+01,1.814253364599245515e+02
2.149868880696728723e+01,2.714355379947004963e+02
1.940702034496053585e+01,4.232660445193213405e+01
1.985643136162795486e+01,2.761788982399586985e+02
1.914456576881127958e+01,8.683646929247230162e+01
1.941128966774996201e+01,1.424829194787787685e+02
2.127291697616765376e+01,7.620581721197171987e+01
2.095186330131254948e+01,3.048540591859119218e+02
1.958971633275848845e+01,7.571848649746424087e+01
2.075171673864383948e+01,7.447981401594300621e+01
1.915756311960584313e+01,2.969306901032484234e+02
1.972481784879745348e+01,3.122543271815034700e+02
2.039226705422929342e+01,2.361828129664660594e+02
2.113622806837001278e+01,3.394576845876981679e+02
2.056580412061211049e+01,2.973935295764425391e+01
1.934837973798152433e+01,1.703504557812782991e+02
1.955514526447840140e+01,2.129856024857900536e+02
2.096441533455440265e+01,1.595902813518890468e+02
1.925752843658780478e+01,8.085569433770788805e+01
2.075340129375155485e+01,2.536938765745575779e+02
1.895858270071522966e+01,2.442714804642220656e+02
1.980101868758964301e+01,2.267051201675437255e+02
2.052178729041042615e+01,1.198461158087851253e+00
2.104709817183179865e+01,9.209994806446066207e+01
2.011045410236940612e+01,2.121595411970606904e+02
1.999724162111745684e+01,2.304421621581738577e+02
2.055444122583065081e+01,8.592674480682271110e+01
1.840691299567077621e+01,1.353676694637943356e+01
2.085544633624211741e+01,2.025542250839683334e+02
2.131880681768120667e+01,1.431601298461131364e+02
2.010998342967214114e+01,2.481487587246110138e+02
2.017916214076761250e+01,6.474393814495483923e+01
1.945873596976436914e+01,1.850990092777933285e+02
2.010136125070748747e+01,1.618159233117402209e+02
1.822300083880649169e+01,7.140816634081570413e-01
2.082938621933836387e+01,1.372958617811685542e+02
2.041453806983980712e+01,2.686724553249325140e+02
1.940223799995650111e+01,2.472055158799932713e+02
2.009802117251421194e+01,3.541800980821709572e+02
2.004914239957451016e+01,1.361775116864887707e+02
1.987297373093705133e+01,2.042956765713850018e+02
1.931803783187310586e+01,1.255229002524367417e+02
2.156180265856019318e+01,7.352637314226487320e+01
2.071721926833319927e+01,3.378794899233211027e+02
2.005374340751603768e+01,3.429823073071272574e+02
1.928913504123817546e+01,8.012267520477465155e+01
2.008287399612088464e+01,3.412945637898299083e+02
1.930363868169397179e+01,3.325665502564075950e+02
1.948014171565013797e+01,1.069207857376038788e+02
2.164355081195692421e+01,1.276570270849517783e+02
2.096123493697292517e+01,2.112023063914345755e+01
2.121874876487587258e+01,2.568781637613155340e+02
1.938725997371153298e+01,3.390956027648713302e+02
2.038586962018460724e+01,5.752728940159326498e+01
2.006911298496575924e+01,1.059202741906292999e+02
1.993352427951286643e+01,3.592657982922648898e+02
2.027755601897312232e+01,3.348908142381441735e+02
1.998753282253106178e+01,3.271625500865325193e+02
1.903972755877448719e+01,7.661385234506656161e+01
1.942145504152644619e+01,7.012114544571481645e+01
1.834743554783960562e+01,1.811331504788120128e+02
1.972919440098450039e+01,3.140908405904953327e+01
1.925365091551095631e+01,3.316989753089154078e+02
2.073486626435407487e+01,2.228399881385734886e+02
1.907001331028299518e+01,4.217894937541613842e+01
1.959213078697378663e+01,2.138736125731127515e+02
1.782223118594815148e+01,3.581834599995895587e+02
2.127354557451573669e+01,2.467136082385959810e+02
2.076149262058232381e+01,1.583625501839460128e+02
2.067238347386416919e+01,2.107815741018677329e+02
1.780130326855210043e+01,2.335153246484361489e+02
2.152572024686579866e+01,1.308645931281164962e+02
1.868018608108836887e+01,2.153760403976676798e+02
2.044863293049950670e+01,1.829509334433061838e+02
1.997188375184074971e+01,3.031914979625732371e+02
2.103251790000215848e+01,1.338595386114719759e+02
2.093923029035482131e+01,2.977491644330008853e+02
2.021351488533897722e+01,7.643989743490496380e+01
2.088028584791701903e+01,2.931829429132150722e+02
1.981620802890502731e+01,2.757508708681899634e+02
2.101564129586938634e+01,1.910765902063436101e+02
2.086508927469187924e+01,2.259144781906426829e+02
2.099432834928624914e+01,1.762318772608927873e+02
2.017927985075287722e+01,2.923206043713014424e+02
2.242319254009296614e+01,2.190377977406131436e+02
1.998110934904038416e+01,2.159865388416179144e+02
1.864294372663006527e+01,2.623143162619563782e+02
1.994174465771916971e+01,2.371555637920203594e+02
2.017679735362272098e+01,6.511747982572748583e+01
1.818033888727675773e+01,2.467915355231105252e+02
2.165532808562610967e+01,1.031067611237589858e+02
1.853026085114769828e+01,1.155913559196711162e+02
2.004662784411004495e+01,3.145906828692364456e+02
2.045707087089493825e+01,3.470183384923901713e+02
1.972733944119393357e+01,9.838697828680199109e+01
2.226141279912984317e+01,3.360721606765383029e+01
1.958202075934223885e+01,1.311443004509290517e+02
2.076131217872855572e+01,1.326633763819540377e+02
1.957685909200705865e+01,2.980895602455086077e+02
2.009142806914606894e+01,8.548732624652444656e+01
2.029327360941100622e+01,3.587987843754414143e+02
1.962158420820639293e+01,2.157860172041868623e+02
1.869584169550708808e+01,3.101027761550088826e+02
